
arrow <- list(
  up = "\036",
  down = "\037",
  left = "\034",
  right = "\035"
)
